=============  VMSP v0.97 - STATISTICS =============
 Total time ~ 34 ms
 Frequent sequences count : 18
 Max memory (mb) : 4.569778442382812518
minsup 5
Intersection count 979 
===================================================

-1 2 -1 4 -1 7 -1 13 -1 #SUP: 5
0 -1 1 -1 2 -1 3 -1 7 -1 13 -1 #SUP: 5
0 -1 1 -1 2 -1 4 -1 8 -1 11 -1 22 -1 #SUP: 5
0 -1 1 -1 2 -1 4 -1 8 -1 10 -1 22 -1 #SUP: 5
0 -1 1 -1 2 -1 4 -1 7 -1 11 -1 22 -1 #SUP: 5
0 -1 1 -1 2 -1 4 -1 7 -1 10 -1 22 -1 #SUP: 5
0 -1 1 -1 2 -1 3 -1 7 -1 11 -1 22 -1 #SUP: 5
0 -1 1 -1 2 -1 3 -1 7 -1 10 -1 22 -1 #SUP: 5
0 -1 1 -1 2 -1 3 -1 4 -1 6 -1 11 -1 22 -1 #SUP: 5
0 -1 1 -1 2 -1 3 -1 4 -1 6 -1 10 -1 22 -1 #SUP: 5
0 -1 1 -1 2 -1 3 -1 4 -1 6 -1 11 -1 13 -1 #SUP: 5
0 -1 1 -1 2 -1 3 -1 4 -1 6 -1 10 -1 13 -1 #SUP: 5
